--OUTPUT OF PROBLEM 1--
A =

   1   2   3

B =

   4   5

C =

   1   6   7

a. A x B x C
ans =

   1   4   1
   2   4   1
   3   4   1
   1   5   1
   2   5   1
   3   5   1
   1   4   6
   2   4   6
   3   4   6
   1   5   6
   2   5   6
   3   5   6
   1   4   7
   2   4   7
   3   4   7
   1   5   7
   2   5   7
   3   5   7


b. B x B x B
ans =

   4   4   4
   5   4   4
   4   5   4
   5   5   4
   4   4   5
   5   4   5
   4   5   5
   5   5   5


c. A (union) B
ans =

   1   2   3   4   5


d. A (intersection) C

--OUTPUT OF PROBLEM 2--
ans =  1
A.
ans =  1
B.
ans = -1
C.
ans =  2
D.
ans =  3

--OUTPUT OF PROBLEM 3--
S =

   0   1   2   3   4   5

f(x) = floor(x^2/3)
S =

   0   0   1   3   5   8

--OUTPUT OF PROBLEM 4--
Problem 2a
 A + B
A =

   1   0   4
  -1   2   2
   0  -2  -3

B =

  -1   3   5
   2   2  -3
   2  -3   0

ans =

   0   3   9
   1   4  -1
   2  -5  -3

Problem 4b
 AB
A =

   1  -3   0
   1   2   2
   2   1  -1

B =

   1  -1   2   3
  -1   0   3  -1
  -3  -2   0  -2

ans =

   4  -1  -7   6
  -7  -5   8  -3
   4   0   7   7

Problem 18
 B is the inverse of A
A =

   7  -8   5
  -4   5  -3
   1  -1   1

B =

   2.00000   3.00000  -1.00000
   1.00000   2.00000   1.00000
  -1.00000  -1.00000   3.00000

